Mean: 250.7840161861406
Median: 247.0
Mode: 230.0
Variance: 20785.369132479238
Standard Deviation: 144.17131868884059
Time elapsed: 0.001375436782836914 seconds
