Mean: 241.49511400651465
Median: 241.0
Mode: 393.0
Variance: 21160.021963097748
Standard Deviation: 145.46484786056646
Time elapsed: 0.0005085468292236328 seconds
